@000
1111111111111111
1111111111111111
1111111111111111
1111111111111111
1111111111111111
1111111111111111
1111111111111111
1111111111111111
1111111111111111
1111111111111111
1111111111111111
1111111111111111
1111111111111111
1111111111111111
1111111111111111
1111111111111111
1111111111111111
1111111111111111
1111111111111111
1111111111111111
1111111111111111
1111111111111111
1111111111111111
1111111111111111
1111111111111111
1111111111111111
1111111111111111
1111111111111111
1111111111111111
1111111111111111
1111111111111111
1111111111111111
1111111111111111
1111111111111111
1111111111111111
1111111111111111
1111111111111111
1111111111111111
1111111111111111
1111111111111111
1111111111111111
1111111111111111
1111111111111111
1111111111111111
1111111111111111
1111111111111111
1111111111111111
1111111111111111
1111111111111111
1111111111111111
1111111111111111
1111111111111111
1111111111111111
1111111111111111
1111111111111111
1111111111111111
1111111111111111
1111111111111111
1111111111111111
1111111111111111
1111111111111111
1111111111111111
1111111111111111
1111111111111111
1111111111111111
1111111111111111
1111111111111111
1111111111111111
1111111111111111
1111111111111111
1111111111111111
1111111111111111
1111111111111111
1111111111111111
1111111111111111
1111111111111111
1111111111111111
1111111111111111
1111111111111111
1111111111111111
1111111111111111
1111111111111111
1111111111111111
1111111111111111
1111111111111111
1111111111111111
1111111111111111
1111111111111111
1111111111111111
1111111111111111
1111111111111111
1111111111111111
1111111111111111
1111111111111111
1111111111111111
1111111111111111
1111111111111111
1111111111111111
1111111111111111
1111111111111111
1111111111111111
1111111111111111
1111111111111111
1111111111111111
1111111111111111
1111111111111111
1111111111111111
1111111111111111
1111111111111111
1111111111111111
1111111111111111
1111111111111111
1111111111111111
1111111111111111
1111111111111111
1111111111111111
1111111111111111
1111111111111111
1111111111111111
1111111111111111
1111111111111111
1111111111111111
1111111111111111
1111111111111111
1111111111111111
1111111111111111
1111111111111111
1111111111111111
1111111111111111
1111111111111111
1111111111111111
1111111111111111
1111111111111111
1111111111111111
1111111111111111
1111111111111111
1111111111111111
1111111111111111
1111111111111111
1111111111111111
1111111111111111
1111111111111111
1111111111111111
1111111111111111
1111111111111111
1111111111111111
1111111111111111
1111111111111111
1111111111111111
1111111111111111
1111111111111111
1111111111111111
1111111111111111
1111111111111111
1111111111111111
1111111111111111
1111111111111111
1111111111111111
1111111111111111
1111111111111111
1111111111111111
1111111111111111
1111111111111111
1111111111111111
1111111111111111
1111111111111111
1111111111111111
1111111111111111
1111111111111111
1111111111111111
1111111111111111
1111111111111111
1111111111111111
1111111111111111
1111111111111111
1111111111111111
1111111111111111
1111111111111111
1111111111111111
1111111111111111
1111111111111111
1111111111111111
1111111111111111
1111111111111111
1111111111111111
1111111111111111
1111111111111111
1111111111111111
1111111111111111
1111111111111111
1111111111111111
1111111111111111
1111111111111111
1111111111111111
1111111111111111
1111111111111111
1111111111111111
1111111111111111
1111111111111111
1111111111111111
1111111111111111
1111111111111111
1111111111111111
1111111111111111
1111111111111111
1111111111111111
1111111111111111
1111111111111111
1111111111111111
1111111111111111
1111111111111111
1111111111111111
1111111111111111
1111111111111111
1111111111111111
1111111111111111
1111111111111111
1111111111111111
1111111111111111
1111111111111111
1111111111110001
1111111111111111
1111111111111111
1111111111111111
1111111111111111
1111111111111111
1111111111111111
1111111111111111
1111111111000000
1111111111111111
1111111111111111
1111111111111111
1111111111111111
1111111111111111
1111111111111111
1111111111111111
1111111100000000
0011111111111111
1111111111111111
1111111111111111
1111111111111111
1111111111111111
1111111111111111
1111111111111111
1111111100000000
0011111111111111
1111111111111111
1111111111111111
1111111111111111
1111111111111111
1111111111111111
1111111111111111
1111110000000000
0011111111111110
0011111111111111
1111111111111111
1111111111111111
1111111111111111
1111111111111111
1111111111111111
1111110000000000
0011111111110000
0001111111111111
1111111111111111
1111111111111111
1111111111111111
1111111111111111
1111111111111111
1111000000000000
0011111111000000
0000111111111111
1111111111111111
1111111111111111
1111111111111111
1111111111111111
1111111111111111
1111000000000000
0011111111000000
0000111111111111
1111111111111111
1111111111111111
1111111111111111
1111111111110000
1111111111111111
1100000000000000
0011111100000000
0000111111111111
1111111111111111
1111111111111111
1111111111111111
1111111111000000
0111111111111111
1100000000000000
1111111100000000
0000111111111111
1111111111111111
1111111111111111
1111111111111111
1111111111000000
0011111111111111
0000000000000000
1111110000000000
0000111111111111
1111111111111111
1111111111111111
1111111111111111
1111111111000000
0011111111111111
0000000000000000
1111000000000000
0000111111111111
1111111111111111
1111111111111111
1111111111111111
1111111101000000
0011111111111100
0000000000000001
1111000000000000
0000111111111111
1111111111111111
1111111111111111
1111111111111111
1111111100000000
0011111111111100
0000000000000011
1100000000000000
0000111111111111
1111111111111111
1111111111111111
1111111111111111
1111111100000000
0011111111110000
0000000000000011
1000000000000000
0011111111111111
1111111111111111
1111111111111111
1111111111111111
1111111100000000
0011111111110000
0000000000001111
0000000000000000
0011111111111111
1111111111111111
1111111111111111
1111111111111111
1111111100000000
0011111111000000
0000000000001100
0000000000000000
0011111111111111
1111111111111111
1111111111111111
1111111111111111
1111110000000000
0011111111000000
0000000000110000
0000000000000000
1111111111111111
1111111111111111
1111111111111111
1111111111111111
1111110000000000
0011111100000000
0000000000000000
0000000000000000
1111111111111111
1111111111111111
1111111111111111
1111111111111111
1111110000000000
0011111100000000
0000000000000000
0000000000000111
1111111111111111
1111111111111111
1111111111111111
1111111111111111
1111110000000000
0111110000000000
0000000000000000
0000000000001011
1111111111111111
1111111111111111
1111111111111111
1111111111111111
1111000000000000
1111110000000000
0000000000000000
0000000000011111
1111111111111111
1111111111111111
1111111111111111
1111111111111111
1111000000000000
1111000000000000
0000000000000000
0000000000101111
1111111111111111
1111111111111111
1111111111111111
1111111111111111
1111000000000000
1110000000000000
0000000000000000
0000000001111111
1111111111111111
1111111111111111
1111111111111111
1111111111111111
1110000000000011
1100000000000000
0000000000000000
0000000011111111
1111111111111111
1111111111111111
1111111111111111
1111111111111111
1100000000000111
1100000000000000
0000000000000000
0000000011111111
1111111111111111
1111111111111111
1111111111111111
1111111111111111
1000000000000011
0000000000000000
0000000000000000
0000001111111111
1111111111111111
1111111111111111
1111111111111111
1111111111111111
0000000000000001
0000000000000000
0000000000000000
0000001111111111
1111111111111111
1111111111111111
1111111111111111
1111111111111111
0000000000001100
0000000000000000
0000000000000000
0000111111111111
1111111111111111
1111111111111111
1111111111111111
1111111111111100
0000000000000100
0000000000000000
0000000000000000
0011111111111111
1111111111111111
1111111111111111
1111111111111111
1111111111111100
0000000000000000
0000000000000000
0000000000000000
0011111111111111
1111111111111111
1111111111111111
1111111111111111
1111111111111100
0000000000000000
0000000000000000
0000000000000000
1111111111111111
1111111111111111
1111111111111111
1111111111111111
1111111111111000
0000000000000000
0000000000000000
0000000000000000
1111111111111111
1111111111111111
1111111111111111
1111111111111111
1111111111110000
0000000001000000
0000000000000000
0000000000000011
1111111111111111
1111111111111111
1111111111111111
1111111111111111
1111111111110000
0000000000000000
0000000000000000
0000000000000111
1111111111111111
1111111111111111
1111111111111111
1111111111111111
1111111111110000
0000000000000000
0000000000000000
0000000000001111
1111111111111111
1111111111111111
1111111111111111
1111111111111111
1111111111110000
0000000000000000
0000000000000000
0000000000111111
1111111111111111
1111111111111111
1111111111111111
1111111111111111
1111111111100000
0000000000000000
0000000000000000
0000000000111111
1111111111111111
1111111111111111
1111111111111111
1111111111111111
1111111111000000
0000000000000000
0000000000000000
0000000011111111
1111111111111111
1111111111111111
1111111111111111
1111111111111111
1111111111000000
0000000000000000
0000000000000000
0000000011111111
1111111111111111
1111111111111111
1111111111111111
1111111111111111
1111111111000000
0000000000000000
0000000000000000
0000001111111111
1111111111111111
1111111111111111
1111111111111111
1111111111111111
1111111110000000
0000000000000000
0000000000000000
0000111111111111
1111111111111111
1111111111111111
1111111111111111
1111111111111111
1111111100000000
0000000000000000
0000000000000000
0000111111111111
1111111111111111
1111111111111111
1111111111111111
1111111111111111
1111111100000000
0000000000000000
0000000000000000
0111111111111111
1111111111111111
1111111111111111
1111111111111111
1111111111111111
1111111100000000
0000000000000000
0000000000000000
1111111111111111
1111111111111111
1111111111111111
1111111111111111
1111111111111111
1111111100000000
0000000000000000
0000000000000011
1111111111111111
1111111111111111
1111111111111111
1111111111111111
1111111111111111
1111110000000000
0000000000000000
0000000000001111
1111111111111111
1111111111111111
1111111111111111
1111111111111111
1111111111111111
1111110000000000
0000000000000000
0000000000101111
1111111111111111
1111111111111111
1111111111111111
1111111111111111
1111111111111111
1111110000000000
0000000000000000
0000000001111111
1111111111111111
1111111111111111
1111111111111111
1111111111111111
1111111111111111
1111000000000000
0000000000000000
0000000011111111
1111111111111111
1111111111111111
1111111111111111
1111111111111111
1111111111111111
1111000000000000
0000000000000000
0000000111111111
1111111111111111
1111111111111111
1111111111111111
1111111111111111
1111111111111111
1110000000000000
0000000000000000
0000000000000000
0010111111111111
1111111111111111
1111111111111111
1111111111111111
1111111111111111
1100000000000000
0000000000000000
0000000000000000
0000000001111111
1111111111111111
1111111111111111
1111111111111111
1111111111111111
0000000000000000
0000000000000000
0000000000000000
0000000000001111
1111111111111111
1111111111111111
1111111111111111
1111111111111110
0000000000000000
0000000000000000
0000000000000000
0000000000000011
1111111111111111
1111111111111111
1111111111111111
1111111111111100
0000000000000000
0000000000000000
0000000000000000
0000000000000011
1111111111111111
1111111111111111
1111111111111111
1111111111110000
0000000000000000
0000000000000000
0000000000000000
0000000000000011
1111111111111111
1111111111111111
1111111111111111
1111111111010000
0000000000000000
0000000000000000
0000000000000000
0000000000000011
1111111111111111
1111111111111111
1111111111111111
1111111111000000
0000000000000000
0000000000000000
0000000000000000
0000000000000011
1111111111111111
1111111111111111
1111111111111111
1111111100000000
0000000000000000
0000000000000000
0000000000000000
0000000000000011
1111111111111111
1111111111111111
1111111111111111
1111111100000000
0000000000000000
0000000000000000
0000000000000000
0000000000000000
1111111111111111
1111111111111111
1111111111111111
1111110000000000
0000000000000000
0000000000000000
0000000000000000
0000000000000000
1111111111111111
1111111111111111
1111111111111111
1111000000000000
0000000000000000
0000000000000000
0000000000000000
0000000000000000
1111111111111111
1111111111111111
1111111111111111
1110000000000000
0000000000000000
0000000000000000
0000000000000000
0000000000000000
1111111111111111
1111111111111111
1111111111111111
1100000000000000
0000000000000000
0000000000000000
0000000000000000
0000000000000000
1111111111111111
1111111111111111
1111111111111111
0000000000000000
0000000000000000
0000000000000000
0000000000000000
0000000000000000
1111111111111111
1111111111111111
1111111111111111
0000000000000000
0000000000000000
0000000000000000
0000000000000000
0000000000000000
1111111111111111
1111111111111111
1111111111111111
0000000000000000
0000000000000000
0000000000000000
0000000011110000
1100000000000000
1111111111111111
1111111111111111
1111111111111111
0000000000000000
0000000000000000
0000000000000000
0000111111111111
1100000000000000
1111111111111111
1111111111111111
1111111111111111
0000000000000000
0000000000000000
0000000000000000
0011111111111111
1100000000000000
1111111111111111
1111111111111111
1111111111111111
0000000000000000
0000000000000000
0000000000000000
1010111111111111
1101000000000000
1111111111111111
1111111111111111
1111111111111111
0000000000000000
0000000000000000
0000000000000000
1111111111111111
1111000000000000
1111111111111111
1111111111111111
1111111111111111
0000000000000000
0000000000000000
0000000000000000
1111111111111111
1111000000000000
1111111111111111
1111111111111111
1111111111111111
0000000000000000
0000000000000000
0000000000000000
1111111111111111
1100000000000000
1111111111111111
1111111111111111
1111111111111111
0000000000000000
0000000000000000
0000000000000000
1111111111111111
1100000000000000
1111111111111111
1111111111111111
1111111111111111
0000000000000000
0000000000000000
0000000000000000
1111111111111111
1100000000000000
1111111111111111
1111111111111111
1111111111111111
0000000000000000
0000000000000000
0000000000000000
1111111111111111
0100000000000000
1111111111111111
1111111111111111
1111111111111111
0000000000000000
0000000000000000
0000000000000000
1111111111111111
0000000000000011
1111111111111111
1111111111111111
1111111111111111
0000000000000000
0000000000000000
0000000000000000
1111111111111111
0000000000000011
1111111111111111
1111111111111111
1111111111111111
0000000000000000
0000000000000000
0000000000000000
1111111111111111
0000000000000011
1111111111111111
1111111111111111
1111111111111111
0000000000000000
0000000000000000
0000000000000000
1111111111111111
0000000000000011
1111111111111111
1111111111111111
1111111111111111
0000000000000000
0000000000000000
0000000000000000
1111111111111111
0000000000001111
1111111111111111
1111111111111111
1111111111111111
0000000000000000
0000000000000000
0000000000000000
1111111111111111
0000000000111111
1111111111111111
1111111111111111
1111111111111111
0000000000000000
0000000000000000
0000000000000000
1111111111111111
0000000000111111
1111111111111111
1111111111111111
1111111111111111
0000000000000000
0000000000000000
0000000000000000
0011111111111100
0000000000011111
1111111111111111
1111111111111111
1111111111111111
0000000000000000
0000000000000000
0000000000000000
0000000000000000
0000000000001111
1111111111111111
1111111111111111
1111111111111111
0000000000000000
0000000000000000
0000000000000000
0000000000000000
0000000000000111
1111111111111111
1111111111111111
1111111111111111
0000000000000000
0000000000000000
0000000000000000
0000000000000000
0000000000000011
1111111111111111
1111111111111111
1111111111111111
0000000000000000
0000000000000000
0000000000000000
0000000000000000
0000000000000011
1111111111111111
1111111111111111
1111111111111111
0000000000000000
0000000000000000
0000000000000000
0000000000000000
0000000000000011
1111111111111111
1111111111111111
1111111111111111
0000000000000000
0000000000000000
0000000000000000
0000000000000000
0000000000000011
1111111111111111
1111111111111111
1111111111111111
0000000000000000
0000000000000000
0000000000000000
0000000000000000
0000000000000011
1111111111111111
1111111111111111
1111111111111111
0000000000000000
0000000000000000
0000000000000000
0000000000000000
0000000000001111
1111111111111111
1111111111111111
1111111111111111
0000000000000000
0000000000000000
0000000000000000
0000000000000000
0000000000111111
1111111111111111
1111111111111111
1111111111111111
0000000000000000
0000000000000000
0000000000000000
0000000000000000
0000000000111111
1111111111111111
1111111111111111
1111111111111111
0000000000000000
0000000000000000
0000000000000000
0000000000000000
0000000011111111
1111111111111111
1111111111111111
1111111111111111
0000000000000000
0000000000000000
0000000000000000
0000000000000000
0000011111111111
1111111111111111
1111111111111111
1111111111111111
0000000000000000
0000000000000000
0000000000000000
0000000000000000
0000001111111111
1111111111111111
1111111111111111
1111111111111111
0000000000000000
0000000000000000
0000000000000000
0000000000000000
0001111111111111
1111111111111111
1111111111111111
1111111111111111
0000000000000000
0000000000000000
0000000000000000
0000000000000000
0111111111111111
1111111111111111
1111111111111111
1111111111111111
0000000000000000
0000000000000000
0000000000000000
0000000111111111
1111111111111111
1111111111111111
1111111111111111
1111111111111111
