@000
1111111111111111
1111111111111111
1111111111111111
1111111111111111
1111111111111111
1111111111111111
1111111111111111
1111111111111111
1111111111111111
1111111111111111
1111111111111111
1111111111111111
1111111111111111
1111111111111111
1111111111111111
1111111111111111
1111111111111111
1111111111111111
1111111111111111
1111111111111111
1111111111111111
1111111111111111
1111111111111111
1111111111111111
1111111111111111
1111111111111111
1111111111111111
1111111111111111
1111111111111111
1111111111111111
1111111111111111
1111111111111111
1111111111111111
1111111111111111
1111111111111111
1111111111111111
1111111111111111
1111111111111111
1111111111111111
1111111111111111
1111111111111111
1111111111111111
1111111111111111
1111111111111111
1111111111111111
1111111111111111
1111111111111111
1111111111111111
1111111111111111
1111111111111111
1111111111111111
1111111111111111
1111111111111111
1111111111111111
1111111111111111
1111111111111111
1111111111111111
1111111111111111
1111111111111111
1111111111111111
1111111111111111
1111111111111111
1111111111111111
1111111111111111
1111111111111111
1111111111111111
1111111111111111
1111111111111111
1111111111111111
1111111111111111
1111111111111111
1111111111111111
1111111111111111
1111111111111111
1111111111111111
1111111111111111
1111111111111111
1111111111111111
1111111111111111
1111111111111111
1111111111111111
1111111111111111
1111111111111111
1111111111111111
1111111111111111
1111111111111111
1111111111111111
1111111111111111
1111111111111111
1111111111111111
1111111111111111
1111111111111111
1111111111111111
1111111111111111
1111111111111111
1111111111111111
1111111111111111
1111111111111111
1111111111111111
1111111111111111
1111111111111111
1111111111111111
1111111111111111
1111111111111111
1111111111111111
1111111111111111
1111111111111111
1111111111111111
1111111111111111
1111111111111111
1111111111111111
1111111111111111
1111111111111111
1111111111111111
1111111111111111
1111111111111111
1111111111111111
1111111111111111
1111111111111111
1111111111111111
1111111111111111
1111111111111111
1111111111111111
1111111111111111
1111111111111111
1111111111111111
1111111111111111
1111111111111111
1111111111111111
1111111111111111
1111111111111111
1111111111111111
1111111111111111
1111111111111111
1111111111111111
1111111111111111
1111111111111111
1111111111111111
1111111111111111
1111111111111111
1111111111111111
1111111111111111
1111111111111111
1111111111111111
1111111111111111
1111111111111111
1111111111111111
1111111111111111
1111111111111111
1111111111111111
1111111111111111
1111111111111111
1111111111111111
1111111111111111
1111111111111111
1111111111111111
1111111111111111
1111111111111111
1111111111111111
1111111111111111
1111111111111111
1111111111111111
1111111111111111
1111111111111111
1100000011111111
1111111111111111
1111111111111111
1111111111111111
1111111111111111
1111111111111111
1111111111111111
1111111111111111
0000000000111111
1111111111111111
1111111111111111
1111111111111111
1111111111111111
1111111111111111
1111111111111111
1111111111111111
0000000000111111
1111111111111111
1111111111111111
1111111111111111
1111111111111111
1111111111111111
1111111111111111
1111111111111101
0000000000001111
1111111111111111
1111111111111111
1111111111111111
1111111111111111
1111111111111111
1111111111111111
1111111111111100
0000000000001111
1111111111111111
1111111111111111
1111111111111111
1111111111111111
1111111111111111
1111111111111111
1111111110111100
0000000000001111
1111111111111111
1111111111111111
1111111111111111
1111111111111111
1111111111111111
1111111111111111
1111100000001100
0000000000001111
1111111111111111
1111111111111111
1111111111111111
1111111111111111
1111111111111111
1111111111111111
1111000000000000
0000000000001111
1111111111111111
1111111111111111
1111111111111111
1111111111111111
1111111111111111
1111111111111111
1100000000000000
0000000000011111
1111111111111111
1111111111111111
1111111111111111
1111111111111111
1111111111111111
1111111111111111
1100000000000000
0000000000111111
1111111111111111
1111111111111111
1111111111111111
1111111111111111
1111111111111111
1111111111111111
1100000000000000
0000000000111111
1111111111111111
1111111111111111
1111111111111111
1111111111111111
1111111111111111
1111111111111111
1100000000000000
0000000000111111
1111111111111111
1111111111111111
1111111111111111
1111111111111111
1111111111111111
1111111111111111
0000000000000000
0000000000111111
1111111111111111
1111111111111111
1111111111111111
1111111111111111
1111111111111111
1111111111111111
0000000000000000
0000000000111111
1111111111111111
1111111111111111
1111111111111111
1111111111111111
1111111111111111
1111111111111111
0000000000000000
0000000000111111
1111111111111111
1111111111111111
1111111111111111
1111111111111111
1111111111111111
1111111111111111
0000000000000000
0000000000111111
1111111111111111
1111111111111111
1111111111111111
1111111111111111
1111111111111111
1111111111111100
0000000000000000
0000000000111111
1111111111111111
1111111111111111
1111111111111111
1111111111111111
1111111111111111
1111111111111100
0000000000000000
0000000000111111
1111111111111111
1111111111111111
1111111111111111
1111111111111111
1111111111111111
1111111111111100
0000000000000000
0000000011111111
1111111111111111
1111111111111111
1111111111111111
1111111111111111
1111111111111111
1111111111111100
0000000000000000
0000000011111111
1111111111111111
1111111111111111
1111111111111111
1111111111111111
1111111111111111
1111111111111100
0000000000000000
0000000011111111
1111111111111111
1111111111111111
1111111111111111
1111111111111111
1111111111111111
1111111111110000
0000000000000000
0000000011111111
1111111111111111
1111111111111111
1111111111111111
1111111111111111
1111111111111111
1111111111110000
0000000000000000
0000000011111111
1111111111111111
1111111111111111
1111111111111111
1111111111111111
1111111111111111
1111111111110000
0000000000000000
0000000011111111
1111111111111111
1111111111111111
1111111111111111
1111111111111111
1111111111111111
1111111111110000
0000000000000000
0000000011111111
1111111111111111
1111111111111111
1111111111111111
1111111111111111
1111111111111111
1111111111110000
0000000000000000
0000000011111111
1111111111111111
1111111111111111
1111111111111111
1111111111111111
1111111111111111
1111111111010000
0000000000000000
0000011111111111
1111111111111111
1111111111111111
1111111111111111
1111111111111111
1111111111111111
1111111111000000
0000000000000000
0000001111111111
1111111111111111
1111111111111111
1111111111111111
1111111111111111
1111111111111111
1111111111000000
0000000000000000
0000001111111111
1111111111111111
1111111111111111
1111111111111111
1111111111111111
1111111111111111
1111111111000000
0000000000000000
0000001111111111
1111111111111111
1111111111111111
1111111111111111
1111111111111111
1111111111111111
1111111111000000
0000000000000000
0000001111111111
1111111111111111
1111111111111111
1111111111111111
1111111111111111
1111111111111111
1111111101000000
0000000000000000
0000001111111111
1111111111111111
1111111111111111
1111111111111111
1111111111111111
1111111111111111
1111111100000000
0000000000000000
0000001111111111
1111111111111111
1111111111111111
1111111111111111
1111111111111111
1111111111111111
1111111100000000
0000000000000000
0000111111111111
1111111111111111
1111111111111111
1111111111111111
1111111111111111
1111111111111111
1111111100000000
0000000000000000
0001111111111111
1111111111111111
1111111111111111
1111111111111111
1111111111111111
1111111111111111
1111110100000000
0000000000000000
0000111111111111
1111111111111111
1111111111111111
1111111111111111
1111111111111111
1111111111111111
1111110000000000
0000000000000000
0000111111111111
1111111111111111
1111111111111111
1111111111111111
1111111111111111
1111111111111111
1111110000000000
0000000000000000
0000111111111111
1111111111111111
1111111111111111
1111111111111111
1111111111111111
1111111111111111
1111110000000000
0000000000000000
0000111111111111
1111111111111111
1111111111111111
1111111111111111
1111111111111111
1111111111111111
1111100000000000
0000000000000000
0000111111111111
1111111111111111
1111111111111111
1111111111111111
1111111111111111
1111111111111111
1111010000000000
0000000000000000
0000111111111111
1111111111111111
1111111111111111
1111111111111111
1111111111111111
1111111111111111
1111000000000000
0000000000000000
0000111111111111
1111111111111111
1111111111111111
1111111111111111
1111111111111111
1111111111111111
1111000000000000
0000000000000000
0000111111111111
1111111111111111
1111111111111111
1111111111111111
1111111111111111
1111111111111111
1111000000000000
0000000000000000
0000111111111111
1111111111111111
1111111111111111
1111111111111111
1111111111111111
1111111111111111
1100000000000000
0000000000000000
0000111111111111
1111111111111111
1111111111111111
1111111111111111
1111111111111111
1111111111111111
1100000000000000
0000000000000000
0011111111111111
1111111111111111
1111111111111111
1111111111111111
1111111111111111
1111111111111111
1100000000000000
0000000000000000
0011111111111111
1111111111111111
1111111111111111
1111111111111111
1111111111111111
1111111111111111
1100000000000000
0000000000000000
0011111111111111
1111111111111111
1111111111111111
1111111111111111
1111111111111111
1111111111111111
1000000000000000
0000000000000000
1011111111111111
1111111111111111
1111111111111111
1111111111111111
1111111111111111
1111111111111111
0000000000000000
0000000000000000
1111111111111111
1111111111111111
1111111111111111
1111111111111111
1111111111111111
1111111111111111
0000000000000000
0000000000000000
1111110000011111
1111111111111111
1111111111111111
1111111111111111
1111111111111111
1111111111111111
0000000000000000
0000000000000001
1111010000000011
1111111111111111
1111111111111111
1111111111111111
1111111111111111
1111111111111111
0000000000000000
0000000000000000
1111000000000010
1111111111111111
1111111111111111
1111111111111111
1111111111111111
1111111111111100
0000000000000000
0000000000000000
1111000000000000
1111111111111111
1111111111111111
1111111111111111
1111111111111111
1111111111111100
0000000000000000
0000000000000011
1101000000000000
1111111111111111
1111111111111111
1111111111111111
1111111111111111
1111111111111100
0000000000000000
0000000000000011
1100000000000000
1011111111111111
1111111111111111
1111111111111111
1111111111111111
1111111111110000
0000000000000000
0000000000000011
1100000000000000
0011111111111111
1111111111111111
1111111111111111
1111111111111111
1111111111110000
0000000000000000
0000000000000111
0100000000000000
0011111111111111
1111111111111111
1111111111111111
1111111111111111
1111111111110000
0000000000000000
0000000000000011
0000000000000000
0011111111111111
1111111111111111
1111111111111111
1111111111111111
1111111111110000
0000000000000000
0000000000000011
0000000000000000
0011111111111111
1111111111111111
1111111111111111
1111111111111111
1111111111000000
0000000000000000
0000000000000011
0000000000000000
0011111111111111
1111111111111111
1111111111111111
1111111111111111
1111111111000000
0000000000000000
0000000000000000
0000000000000000
1111111111111111
1111111111111111
1111111111111111
1111111111111111
1111111111000000
0000000000000000
0000000000000000
0000000000000000
1111111111111111
1111111111111111
1111111111111111
1111111111111111
1111111100000000
0000000000000000
0000000000000000
0000000000000000
1111111111111111
1111111111111111
1111111111111111
1111111111111111
1111111100000000
0000000000000000
0000000000000000
0000000000000000
1111111111111111
1111111111111111
1111111111111111
1111111111111111
1111111100000000
0000000000000000
0000000000000000
0000000000000000
1111111111111111
1111111111111111
1111111111111111
1111111111111111
1111111100000000
0000000000000000
0000000000000000
0000000000000000
1111111111111111
1111111111111111
1111111111111111
1111111111111111
1111110000000000
0000000000000000
0000000000000000
0000000000000011
1111111111111111
1111111111111111
1111111111111111
1111111111111111
1111110000000000
0000000000000000
0000000000000000
0000000000000011
1111111111111111
1111111111111111
1111111111111111
1111111111111111
1111110000000000
0000000000000000
0000000000000000
0000000000000011
1111111111111111
1111111111111111
1111111111111111
1111111111111111
1111110000000000
0000000000000000
0000000000000000
0000000000001111
1111111111111111
1111111111111111
1111111111111111
1111111111111111
1111110000000000
0000000000000000
0000000000000000
0000000000001111
1111111111111111
1111111111111111
1111111111111111
1111111111111111
1111010000000000
0000000000000000
0000000000000000
0000000000001111
1111111111111111
1111111111111111
1111111111111111
1111111111111111
1111000000000000
0000000000000000
0000000000000000
0000000000111111
1111111111111111
1111111111111111
1111111111111111
1111111111111111
1111000000000000
0000000000000000
0000000000000000
0000000000111111
1111111111111111
1111111111111111
1111111111111111
1111111111111111
1111000000000000
0000000000000000
0000000000000000
0000000000000000
1111111111111111
1111111111111111
1111111111111111
1111111101111111
1111000000000000
0000000000000000
0000000000000000
0000000000000000
1111111111111111
1111111111111111
1111111111111111
1111111111111111
1111000000000000
0000000000000000
0000000000000000
0000000000000000
0011111111111111
1111111111111111
1111111111111111
1111111111111111
1101000000000000
0000000000000000
0000000000000000
0000000000000000
0011111111111111
1111111111111111
1111111111111111
1111111111111111
1100000000000000
0000000000000000
0000000000000000
0000000000000000
0011111111111111
1111111111111111
1111111111111111
1111111111111111
1100000000000000
0000000000000000
0000000000000000
0000000000000000
0011111111111111
1111111111111111
1111111111111111
1111111111111111
1100000000000000
0000000000000000
0000000000000000
0000000000000000
0011111111111111
1111111111111111
1111111111111111
1111111111111111
1100000000000000
0000000000000000
0000000000000000
0000000000000000
0011111111111111
1111111111111111
1111111111111111
1111111111111111
0100000000000000
0000000000000000
0000000000000000
0000000000000000
0011111111111111
1111111111111111
1111111111111111
1111111111111111
0100000000000000
0000000000000000
0000000000000000
0000000000000000
0011111111111111
1111111111111111
1111111111111111
1111111111111111
0100000000000000
0000000000000000
0000000000000000
0000000000000000
0011111111111111
1111111111111111
1111111111111111
1111111111111111
0000000000000000
0000000000000000
0000000000000000
0000000000000000
0011111111111111
1111111111111111
1111111111111111
1111111111111111
0000000000000000
0000000000000000
0000000000000000
0000000000000000
0011111111111111
1111111111111111
1111111111111111
1111111111111111
0000000000000000
0000000000000000
0000000000000000
0000000000000000
0011111111111111
1111111111111111
1111111111111111
1111111111111111
0000000000000000
0000000000000000
0000000000000000
0000000000000000
0011111111111111
1111111111111111
1111111111111111
1111111111111111
0000000000000000
0000000000000000
0000000000000000
0000000000000000
1111111111111111
1111111111111111
1111111111111111
1111111111111111
0000000000000000
0000000000000000
0000000000000000
0000000000000000
1111111111111111
1111111111111111
1111111111111111
1111111111111111
0000000000000000
0000000000000000
0000000000000000
0000000000000000
1111111111111111
1111111111111111
1111111111111111
1111111111111111
0000000000000000
0000000000000000
0000000000000000
0000000000000000
1111111111111111
1111111111111111
1111111111111111
1111111111111111
0000000000000000
0000000000000000
0000000000000000
0000000000000000
1111111111111111
1111111111111111
1111111111111111
1111111111111111
0000000000000000
0000000000000000
0000000000000000
0000000000000011
1111111111111111
1111111111111111
1111111111111111
1111111111111111
0000000000000000
0000000000000000
0000000000000000
0000000000000011
1111111111111111
1111111111111111
1111111111111111
1111111111110111
0000000000000000
0000000000000000
0000000000000000
0000000000000011
1111111111111111
1111111111111111
1111111111111111
1111111111111111
0000000000000000
0000000000000000
0000000000000000
0000000000000011
1111111111111111
1111111111111111
1111111111111111
1111111111111111
0000000000000000
0000000000000000
0000000000000000
0000000000000011
1111111111111111
1111111111111111
1111111111111111
1111111111111111
0000000000000000
0000000000000000
0000000000000000
0000000000000011
1111111111111111
1111111111111111
1111111111111111
1111111111111111
0000000000000000
0000000000000000
0000000000000000
0000000000000011
1111111111111111
1111111111111111
1111111111111111
1111111111111111
0000000000000000
0000000000000000
0000000000000000
0000000000001111
1111111111111111
1111111111111111
1111111111111111
1111111111111111
0000000000000000
0000000000000000
0000000000000000
0000000000001111
1111111111111111
1111111111111111
1111111111111111
1111111111111111
0000000000000000
0000000000000000
0000000000000000
0000000000001111
1111111111111111
1111111111111111
1111111111111111
1111111111111111
0000000000000000
0000000000000000
0000000000000000
0000000000001111
1111111100111111
1111111111111111
1111111111111111
1111111111111111
0000000000000000
0000000000000000
0000000000000000
0000000000001111
1111111111111111
1111111111111111
1111111111111111
1111111111111101
0000000000000000
0000000000000000
0000000000000000
0000000000001111
1111111111111111
1111111111111111
1111111111111111
