@000
1111111111111111
1111111111111111
1111111111111111
1111111111111111
1111111111111111
1111111111111111
1111111111111111
1111111111111111
1111111111111111
1111111111111111
1111111111111111
1111111111111111
1111111111111111
1111111111111111
1111111111111111
1111111111111111
1111111111111111
1111111111111111
1111111111111111
1111111111111111
1111111111111111
1111111111111111
1111111111111111
1111111111111111
1111111111111111
1111111111111111
1111111111111111
1111111111111111
1111111111111111
1111111111111111
1111111111111111
1111111111111111
1111111111111111
1111111111111111
1111111111111111
1111111111111111
1111111111111111
1111111111111111
1111111111111111
1111111111111111
1111111111111111
1111111111111111
1111111111111111
1111111111111111
1111111111111111
1111111111111111
1111111111111111
1111111111111111
1111111111111111
1111111111111111
1111111111111111
1111111111111111
1111111111111111
1111111111111111
1111111111111111
1111111111111111
1111111111111111
1111111111111111
1111111111111111
1111111111111111
1111111111111111
1111111111111111
1111111111111111
1111111111111111
1111111111111111
1111111111111111
1111111111111111
1111111111111111
1111111111111111
1111111111111111
1111111111111111
1111111111111111
1111111111111111
1111111111111111
1111111111111111
1111111111111111
1111111111111111
1111111111111111
1111111111111111
1111111111111111
1111111111111111
1111111111111111
1111111111111111
1111111111111111
1111111111111111
1111111111111111
1111111111111111
1111111111111111
1111111111111111
1111111111111111
1111111111111111
1111111111111111
1111111111111111
1111111111111111
1111111111111111
1111111111111111
1111111111111111
1111111111111111
1111111111111111
1111111111111111
1111111111111111
1111111111111111
1111111111111111
1111111111111111
1111111111111111
1111111111111111
1111111111111111
1111111111111111
1111111111111111
1111111111111111
1111111111111111
1111111111111111
1111111111111111
1111111111111111
1111111111111111
1111111111111111
1111111111111111
1111111111111111
1111111111111111
1111111111111111
1111111111111111
1111111111111111
1111111111111111
1111111111111111
1111111111111111
1111111111111111
1111111111111111
1111111111111111
1111111111111111
1111111111111111
1111111111111111
1111111111111111
1111111111111111
1111111111111111
1111111111111111
1111111111111111
1111111111111111
1111111111111111
1111111111111111
1111111111111111
1111111111111111
1111111111111111
1111111111111111
1111111111111111
1111111111111111
1111111111111111
1111111111111111
1111111111111111
1111111111111111
1111111111111111
1111111111111111
1111111111111111
1111111111111111
1111111111111111
1111111111111111
1111111111111111
1111111111111111
1111111111111111
1111111111111111
1111111111111111
1111111111111111
1111111111111111
1111111111111111
1111111111111111
1111111111111111
1111111111111111
1111111111111111
1111111111111111
1111111111111111
1111111111111111
1111111111111111
1111111111111111
1111111111111111
1111111111111111
1111111111111111
1111111111111111
1111111111111111
1111111111111111
1111111111111111
1111111111111111
1111111111111111
1111111111111111
1111111111111111
1111111111111111
1111111111111111
1111111111111111
1111111111111111
1111111111111111
1111111111111111
1111111111111111
1111111111111111
1111111111111111
1111111111111111
1111111111111111
1111111111111111
1111111111111111
1111111111111111
1111111111111111
1111111111111111
1111111111111111
1111111111111111
1111111111111111
1111111111111111
1111111111111111
1111111111111111
1111111111111111
1111111111111111
1111111111111111
1111111111111111
1111111111111111
1111111111111111
1111111111111111
1111111111111111
1111111111111111
1111111111111111
1111111111111111
1111111111111111
1111111111111111
1111111111111111
1111111111111111
1111111111111111
1111111111111111
1111111111111111
1111111111111111
1111111111111111
1111111111111111
1111111111111111
1111111111111111
1111111111111111
1111111111111111
1111111111111111
1111111111111111
1111111111111111
1111111111111111
1111111111111111
1111111111111111
1111111111111111
1111111111111111
1111111111111111
1111111111111111
1111111111111111
1111111111111111
1111111111111111
1111111111111111
1111111111111111
1111111111111111
1111111111111111
1111111111111111
1111111111111111
1111111111111111
1111111111111111
1111000001111111
1111111111111111
1111111111111111
1111111111111111
1111111111111111
1111111111111111
1111111111111111
1111111111111111
1100000000001111
1111111111111111
1111111111111111
1111111111111111
1111111111111111
1111111111111111
1111111111111111
1111111111111111
1100000000001111
1111111111111111
1111111111111111
1111111111111111
1111111111111111
1111111111111111
1111111111111111
1111111111000111
0000000000001111
1111111111111111
1111111111111111
1111111111111111
1111111111111111
1111111111111111
1111111111111111
1111111100000000
0000000000001111
1111111111111111
1111111111111111
1111111111111111
1111111111111111
1111111111111111
1111111111111111
1111111100000000
0000000000001011
1111111111111111
1111111111111111
1111111111111111
1111111111111111
1111111111111111
1111111111111111
1111110000000000
0000000000001111
1111111111111111
1111111111111111
1111111111111111
1111111111111111
1111111111111111
1111111111111111
1111110000000000
0000000000001111
1111111111111111
1111111111111111
1111111111111111
1111111111111111
1111111111111111
1111111111111111
1111110000000000
0000000000001111
1111111111111111
1111111111111111
1111111111111111
1111111111111111
1111111111111111
1111111111111111
1111100000000000
0000000000001111
1111111111111111
1111111111111111
1111111111111111
1111111111111111
1111111111111111
1111111111111111
1111000000000000
0000000000001111
1111111111111111
1111111111111111
1111111111111111
1111111111111111
1111111111111111
1111111111111111
1111000000000000
0000000000001111
1111111111111111
1111111111111111
1111111111111111
1111111111111111
1111111111111111
1111111111111111
1111000000000000
0000000000101111
1111111111111111
1111111111111111
1111111111111111
1111111111111111
1111111111111111
1111111111111111
1111000000000000
0000000000111111
1111111111111111
1111111111111111
1111111111111111
1111111111111111
1111111111111111
1111111111111111
1100000000000000
0000000000111111
1111111111111111
1111111111111111
1111111111111111
1111111111111111
1111111111111111
1111111111111111
1100000000000000
0000000000111111
1111111111111111
1111111111111111
1111111111111111
1111111111111111
1111111111111111
1111111111111111
1100000000000000
0000000000111111
1111111111111111
1111111111111111
1111111111111111
1111111111111111
1111111111111111
1111111111111111
1100000000000000
0000000000111111
1111111111111111
1111111111111111
1111111111111111
1111111111111111
1111111111111111
1111111111111111
1100000000000000
0000000000111111
1111111111111111
1111111111111111
1111111111111111
1111111111111111
1111111111111111
1111111111111111
1000000000000000
0000000000111111
1111111111111111
1111111111111111
1111111111111111
1111111111111111
1111111111111111
1111111111111111
0000000000000000
0000000000111111
1111111111111111
1111111111111111
1111111111111111
1111111111111111
1111111111111111
1111111111111111
0000000000000000
0000000011111111
1111111111111111
1111111111111111
1111111111111111
1111111111111111
1111111111111111
1111111111111111
0000000000000000
0000000011111111
1111111111111111
1111111111111111
1111111111111111
1111111111111111
1111111111111111
1111111111111111
0000000000000000
0000000011111111
1111111111111111
1111111111111111
1111111111111111
1111111111111111
1111111111111111
1111111111111100
0000000000000000
0000000011111111
1111111111111111
1111111111111111
1111111111111111
1111111111111111
1111111111111111
1111111111111100
0000000000000000
0000000011111111
1111111111111111
1111111111111111
1111111111111111
1111111111111111
1111111111111111
1111111111111100
0000000000000000
0000000011111111
1111111111111111
1111111111111111
1111111111111111
1111111111111111
1111111111111111
1111111111111000
0000000000000000
0000000011111111
1111111111111111
1111111111111111
1111111111111111
1111111111111111
1111111111111111
1111111111110000
0000000000000000
0000001111111111
1111111111111111
1111111111111111
1111111111111111
1111111111111111
1111111111111111
1111111111110000
0000000000000000
0000001111111111
1111111111111111
1111111111111111
1111111111111111
1111111111111111
1111111111111111
1111111111110000
0000000000000000
0000001111111111
1111111111111111
1111111111111111
1111111111111111
1111111111111111
1111111111111111
1111111111100000
0000000000000000
0000001111111111
1111111111111111
1111111111111111
1111111111111111
1111111111111111
1111111111111111
1111111111000000
0000000000000000
0000001111111111
1111111111111111
1111111111111111
1111111111111111
1111111111111111
1111111111111111
1111111111000000
0000000000000000
0000001111111111
1111111111111111
1111111111111111
1111111111111111
1111111111111111
1111111111111111
1111111111000000
0000000000000000
0000001111111111
1111111111111111
1111111111111111
1111111111111111
1111111111111111
1111111111111111
1111111100000000
0000000000000000
0000001111111111
1111111111111111
1111111111111111
1111111111111111
1111111111111111
1111111111111111
1111111100000000
0000000000000000
0000001111111111
1111111111111111
1111111111111111
1111111111111111
1111111111111111
1111111111111111
1111111100000000
0000000000000000
0000111111111111
1111111111111111
1111111111111111
1111111111111111
1111111111111111
1111111111111111
1111111100000000
0000000000000000
0000111111111111
1111111111111111
1111111111111111
1111111111111111
1111111111111111
1111111111111111
1111111100000000
0000000000000000
0000111111111111
1111111111111111
1111111111111111
1111111111111111
1111111111111111
1111111111111111
1111110000000000
0000000000000000
0000111111111111
1111111111111111
1111111111111111
1111111111111111
1111111111111111
1111111111111111
1111110000000000
0000000000000000
0000111111111111
1111111111111111
1111111111111111
1111111111111111
1111111111111111
1111111111111111
1111110000000000
0000000000000000
0000111111111111
1111111111111111
1111111111111111
1111111111111111
1111111111111111
1111111111111111
1111110000000000
0000000000000000
0000111111111111
1111111111111111
1111111111111111
1111111111111111
1111111111111111
1111111111111111
1111010000000000
0000000000000000
0001111111111111
1111111111111111
1111111111111111
1111111111111111
1111111111111111
1111111111111111
1111000000000000
0000000000000000
0011111111000011
1111111111111111
1111111111111111
1111111111111111
1111111111111111
1111111111111111
1111000000000000
0000000000000000
0011111100000000
1111111111111111
1111111111111111
1111111111111111
1111111111111111
1111111111111111
1111000000000000
0000000000000000
0011110000000000
1111111111111111
1111111111111111
1111111111111111
1111111111111111
1111111111111111
1100000000000000
0000000000000000
0011110000000000
0011111111111111
1111111111111111
1111111111111111
1111111111111111
1111111111111111
1100000000000000
0000000000000000
0111100000000000
0011111111111111
1111111111111111
1111111111111111
1111111111111111
1111111111111111
1100000000000000
0000000000000000
1111000000000000
0011111111111111
1111111111111111
1111111111111111
1111111111111111
1111111111111111
0100000000000000
0000000000000000
1111000000000000
0011111111111111
1111111111111111
1111111111111111
1111111111111111
1111111111111111
0000000000000000
0000000000000000
1100000000000000
0011111111111111
1111111111111111
1111111111111111
1111111111111111
1111111111111111
0000000000000000
0000000000000000
1100000000000000
0011111111111111
1111111111111111
1111111111111111
1111111111111111
1111111111111101
0000000000000000
0000000000000000
1100000000000000
0011111111111111
1111111111111111
1111111111111111
1111111111111111
1111111111111100
0000000000000000
0000000000000000
1100000000000000
0011111111111111
1111111111111111
1111111111111111
1111111111111111
1111111111111100
0000000000000000
0000000000000000
0000000000000000
0011111111111111
1111111111111111
1111111111111111
1111111111111111
1111111111111100
0000000000000000
0000000000000000
0000000000000000
0011111111111111
1111111111111111
1111111111111111
1111111111111111
1111111111110100
0000000000000000
0000000000000000
0000000000000000
0011111111111111
1111111111111111
1111111111111111
1111111111111111
1111111111110000
0000000000000000
0000000000000000
0000000000000000
1111111111111111
1111111111111111
1111111111111111
1111111111111111
1111111111110000
0000000000000000
0000000000000000
0000000000000000
0001111111111111
1111111111111111
1111111111111111
1111111111111111
1111111111110000
0000000000000000
0000000000000000
0000000000000000
0000101111111111
1111111111111111
1111111111111111
1111111111111111
1111111111110000
0000000000000000
0000000000000000
0000000000000000
0000001111111111
1111111111111111
1111111111111111
1111111111111111
1111111111010000
0000000000000000
0000000000000000
0000000000000000
0000011111111111
1111111111111111
1111111111111111
1111111111111111
1111111111000000
0000000000000000
0000000000000000
0000000000000000
0000001111111111
1111111111111111
1111111111111111
1111111111111111
1111111111000000
0000000000000000
0000000000000000
0000000000000000
0000001111111111
1111111111111111
1111111111111111
1111111111111111
1111111111000000
0000000000000000
0000000000000000
0000000000000000
0000000111111111
1111111111111111
1111111111111111
1111111111111111
1111111111000000
0000000000000000
0000000000000000
0000000000000000
0000000011111111
1111111111111111
1111111111111111
1111111111111111
1111111111000000
0000000000000000
0000000000000000
0000000000000000
0000000011111111
1111111111111111
1111111111111111
1111111111111111
1111111100000000
0000000000000000
0000000000000000
0000000000000000
0000000111111111
1111111111111111
1111111111111111
1111111111111111
1111111100000000
0000000000000000
0000000000000000
0000000000000000
0000011111111111
1111111111111111
1111111111111111
1111111111111111
1111111100000000
0000000000000000
0000000000000000
0000000000000000
0000001111111111
1111111111111111
1111111111111111
1111111111111111
1111111100000000
0000000000000000
0000000000000000
0000000000000000
0000001111111111
1111111111111111
1111111111111111
1111111111111111
1111111000000000
0000000000000000
0000000000000000
0000000000000000
0000001111111111
1111111111111111
1111111111111111
1111111111111111
1111110000000000
0000000000000000
0000000000000000
0000000000000000
0000001111111111
1111111111111111
1111111111111111
1111111111111111
1111110000000000
0000000000000000
0000000000000000
0000000000000000
0000001111111111
1111111111111111
1111111111111111
1111111111111111
1111110000000000
0000000000000000
0000000000000000
0000000000000000
0001011111111111
1111111111111111
1111111111111111
1111111111111111
1111110000000000
0000000000000000
0000000000000000
0000000000000000
0000111111111111
1111111111111111
1111111111111111
1111111111111111
1111110000000000
0000000000000000
0000000000000000
0000000000000000
0000111111111111
1111111111111111
1111111111111111
1111111111111111
1111110000000000
0000000000000000
0000000000000000
0000000000000000
0000111111111111
1111111111111111
1111111111111111
1111111111111111
1111110000000000
0000000000000000
0000000000000000
0000000000000000
0000111111111111
1111111111111111
1111111111111111
1111111111111111
1111100000000000
0000000000000000
0000000000000000
0000000000000000
0000111111111111
1111111111111111
1111111111111111
1111111111111111
1111100000000000
0000000000000000
0000000000000000
0000000000000000
0001111111111111
1111111111111111
1111111111111111
1111111111111111
1111100000000000
0000000000000000
0000000000000000
0000000000000000
0011111111111111
1111111111111111
1111111111111111
1111111111111111
1111100000000000
0000000000000000
0000000000000000
0000000000000000
0011111111111111
1111111111111111
1111111111111111
1111111111111111
1111100000000000
0000000000000000
0000000000000000
0000000000000000
0011111111111111
1111111111111111
1111111111111111
1111111111111111
1111000000000000
0000000000000000
0000000000000000
0000000000000000
1011111111111111
1111111111111111
1111111111111111
1111111111111111
1111000000000000
0000000000000000
0000000000000000
0000000000000000
1111111111111111
1111111111111111
1111111111111111
1111111111111111
1111000000000000
0000000000000000
0000000000000000
0000000000000000
1111111111111111
1111111111111111
1111111111111111
1111111111111111
1111000000000000
0000000000000000
0000000000000000
0000000000000000
1111111111111111
1111111111111111
1111111111111111
1111111111111111
1111000000000000
0000000000000000
0000000000000000
0000000000000000
1111111111111111
1111111111111111
1111111111111111
1111111111111111
1111000000000000
0000000000000000
0000000000000000
0000000000000000
1111111111111111
1111111111111111
1111111111111111
1111111111111111
1111000000000000
0000000000000000
0000000000000000
0000000000000000
1111111111111111
1111111111111111
1111111111111111
1111111111111111
1111000000000000
0000000000000000
0000000000000000
0000000000000011
1111111111111111
1111111111111111
1111111111111111
1111111111111111
1111000000000000
0000000000000000
0000000000000000
0000000000000011
1111111111111111
1111111111111111
1111111111111111
1111111111111111
1111000000000000
0000000000000000
0000000000000000
0000000000000011
1111111111111111
1111111111111111
1111111111111111
1111111111111111
1111000000000000
0000000000000000
0000000000000000
0000000000000011
1111111111111111
1111111111111111
1111111111111111
1111111111111111
